0 0.067324 0.465412 0.101018 0.459582 0.117222 0.489760 0.113621 0.530569 0.085586 0.537428 0.065267 0.525769 0.057551 0.489760
0 0.708437 0.454926 0.725927 0.442923 0.750104 0.448410 0.759878 0.475845 0.756277 0.518712 0.735701 0.522141 0.718211 0.520083 0.700207 0.500879
0 0.722095 0.569119 0.699204 0.598269 0.705634 0.627075 0.730583 0.645594 0.749873 0.642507 0.761190 0.602041 0.754245 0.568090
0 0.397550 0.563532 0.378903 0.582908 0.376588 0.604170 0.386490 0.629890 0.408610 0.644636 0.425585 0.639321 0.432915 0.611029 0.429186 0.577249 0.427257 0.566104
0 0.068994 0.589507 0.090085 0.579562 0.111047 0.582477 0.115548 0.611284 0.111947 0.640090 0.108796 0.657666 0.089892 0.658523 0.068416 0.649264 0.056584 0.619600 0.056970 0.610683
0 0.380402 0.489687 0.401043 0.467568 0.432486 0.473227 0.439816 0.511550 0.430171 0.545757 0.394098 0.538556 0.378859 0.514122
1 0.042362 0.477197 0.043905 0.523150 0.576731 0.510138 0.781958 0.501502 0.778705 0.455020
1 0.043336 0.597829 0.042564 0.646526 0.782860 0.630916 0.780536 0.579476
2 0.066890 0.000000 0.100226 0.465796 0.102221 0.605039 0.078061 1.000000 0.066890 0.000000
2 0.393340 0.000000 0.408679 0.262927 0.423800 0.485891 0.423488 0.604816 0.392476 1.000000 0.393340 0.000000
2 0.716390 0.000000 0.737288 0.325450 0.744811 0.483286 0.747897 0.595050 0.722508 1.000000 0.716390 0.000000
3 0.376139 0.527725 0.403412 0.517969 0.453684 0.525502 0.448900 0.586784 0.370818 0.586260
4 0.224319 0.431825 0.203743 0.463375 0.204000 0.523389 0.305081 0.560769 0.314340 0.553567 0.327200 0.521674 0.290163 0.463375
5 0.325634 0.254961 0.364214 0.197862 0.457193 0.185516 0.513134 0.273479 0.542069 0.375331 0.582964 0.424200 0.570618 0.474611 0.388520 0.471010 0.335279 0.468953 0.289754 0.360928
