0 0.252336 0.444896 0.227236 0.470926 0.237462 0.537240 0.265816 0.549636 0.283015 0.521127 0.277902 0.458531
0 0.500381 0.294034 0.475280 0.320064 0.482846 0.391700 0.513195 0.467065 0.529729 0.376473 0.525946 0.307668
0 0.741693 0.350980 0.775644 0.366412 0.771786 0.434827 0.751724 0.455918 0.725489 0.436885 0.727804 0.378757
0 0.691457 0.704325 0.685670 0.731588 0.744697 0.761424 0.789065 0.760395 0.789450 0.735189 0.740068 0.711012
1 0.218107 0.514169 0.218990 0.547874 0.225163 0.576166 0.789013 0.473029 0.788627 0.444222 0.781297 0.412329
2 0.192807 0.000000 0.255585 0.466360 0.300673 0.757648 0.337339 1.000000 0.192807 0.000000
2 0.455466 0.000000 0.501248 0.312498 0.540413 0.554108 0.615235 1.000000 0.455466 0.000000
2 0.688027 0.000000 0.728858 0.260782 0.745929 0.359977 0.758275 0.428564 0.781937 0.570539 0.820040 0.789608 0.858143 1.000000 0.688027 0.000000
2 0.828295 0.759893 0.892145 0.776869 0.896968 0.778155 0.907770 0.783041 0.922817 0.787414 0.941721 0.791015 1.000000 0.808762 0.828295 0.759893
3 0.478040 0.397774 0.546432 0.390760 0.554616 0.716424 0.555785 1.000000 0.479794 1.000000 0.469856 0.717593
4 0.301530 0.518237 0.317799 0.496546 0.299671 0.382509 0.284796 0.375692 0.265739 0.399243 0.282472 0.503983
4 0.665021 0.312476 0.647358 0.338506 0.676642 0.450063 0.710109 0.443246 0.692910 0.323632
5 0.232030 1.000000 0.218656 0.913135 0.435734 0.748526 0.466598 0.822600 0.481002 1.000000
