0 0.08738628472222221 0.4985050154320988 0.05967071759259259 0.077846450617284
0 0.7300421489197529 0.4825318930041153 0.059670717592592605 0.07921810699588477
0 0.7301970486111111 0.6068419495884774 0.06198553240740733 0.0775033436213992
0 0.40475173611111115 0.6040839763374486 0.0563271604938272 0.08110416666666657
0 0.08606616512345679 0.619042438271605 0.05896334876543209 0.07896090534979425
0 0.40933738425925925 0.5066628086419754 0.06095679012345678 0.0781893004115227
1 0.412160011574074 0.48908526234567906 0.7395966435185185 0.06813040123456793
1 0.41271238425925927 0.6130006430041153 0.7402959104938271 0.06705015432098761
2 0.08455536265432098 0.5 0.03533140432098766 1.0
2 0.40813773148148147 0.5 0.031324074074074074 1.0
2 0.7321436149691357 0.5 0.031507137345679025 1.0
3 0.4122511574074074 0.5523761574074074 0.08286651234567904 0.06881507201646088
4 0.26547145061728394 0.4962969393004116 0.12345679012345678 0.12894367283950614
5 0.43635918209876534 0.3300637860082305 0.2932098765432098 0.28909465020576136
