0 0.25512528935185186 0.49726581790123464 0.0557787422839506 0.10473996913580243
0 0.5025045331790123 0.38054938271604943 0.05444849537037036 0.17303137860082307
0 0.7505665509259258 0.403448816872428 0.05015432098765432 0.10493827160493828
0 0.7375599922839505 0.7328742283950618 0.10378086419753085 0.05709876543209877
1 0.5035602816358025 0.4942476851851853 0.5709056712962962 0.16383744855967086
2 0.2650732060185185 0.5 0.1445318287037037 1.0
2 0.5353505015432098 0.5 0.15976890432098767 1.0
2 0.7730846836419754 0.5 0.17011574074074065 1.0
2 0.9141474729938273 0.7843274176954733 0.17170505401234562 0.04886831275720165
3 0.5128208912037037 0.6953800154320988 0.08592881944444443 0.6092399691358025
4 0.2917687114197531 0.4469643775720165 0.0520601851851852 0.142545524691358
4 0.6787332175925925 0.38126954732510293 0.0627507716049383 0.1375874485596708
5 0.3498288966049382 0.8742628600823046 0.2623456790123457 0.25147427983539095
